70

99 9 83 75 88 43 67 49 14 44 58 62 27 69 100 50 95 40 93 91 
40 61 67 10 75 27 70 30 64 40 10 84 73 33 57 25 3 81 85 71 
30 86 49 34 22 7 5 10 -4 9 94 16 64 3 11 16 77 64 12 60 
75 32 40 12 60 34 21 81 20 24 



97 11 79 79 94 45 74 52 11 41 70 71 34 65 101 50 88 43 94 80 
44 51 69 11 76 19 71 31 58 39 22 87 69 26 64 25 -1 89 77 70 
32 83 47 37 26 9 8 14 5 8 91 20 67 9 6 17 75 63 8 69 
82 32 37 14 69 34 27 81 26 27 



93 6 75 81 92 42 71 49 6 38 67 73 35 67 102 45 86 42 91 80 
39 54 70 7 76 15 66 27 53 42 26 86 66 21 65 28 3 88 81 66 
32 78 43 37 24 8 9 14 5 5 92 20 69 10 7 13 75 67 6 70 
86 29 38 15 73 33 30 77 22 22 



96 12 82 71 86 44 65 45 13 46 56 65 24 66 100 51 91 38 92 88 
35 64 70 5 73 30 72 31 64 42 9 87 75 29 56 20 5 85 86 73 
29 82 47 35 17 2 1 6 -6 11 94 18 59 7 8 12 72 61 16 64 
77 35 42 10 58 37 24 79 16 23 



95 6 74 81 94 43 76 53 11 39 69 75 38 69 98 46 85 39 94 82 
40 47 65 13 74 19 66 33 59 41 23 84 64 28 59 20 3 86 78 70 
27 83 44 38 27 6 6 17 3 4 93 24 65 4 9 19 78 67 4 72 
81 33 38 15 69 30 27 76 21 25 



91 6 79 76 94 41 68 48 5 37 62 71 32 68 104 41 89 43 89 78 
41 54 74 10 76 12 61 31 49 40 27 88 67 22 66 24 5 84 77 66 
35 78 42 38 21 3 8 13 0 6 91 17 68 14 7 15 78 70 2 74 
81 32 34 14 72 37 25 77 20 19 



91 15 81 79 91 50 70 48 12 40 75 67 38 63 97 46 83 38 93 80 
54 53 68 8 78 18 73 37 62 44 16 82 72 29 68 29 8 87 80 73 
35 88 45 35 19 12 -2 10 8 12 98 13 73 4 10 16 71 59 11 65 
75 29 39 10 61 33 27 81 19 31 



96 12 87 78 91 41 71 52 19 47 63 67 28 65 103 52 91 39 93 88 
38 57 64 6 79 23 68 33 64 41 15 83 72 33 54 21 0 85 89 74 
34 83 52 34 25 12 4 12 1 9 97 12 67 3 12 18 80 66 9 62 
72 30 45 15 59 30 24 82 22 20 



60 83 99 32 45 93 17 44 63 9 23 14 35 58 67 76 98 3 18 79 
72 34 35 31 94 98 65 93 62 92 8 76 0 34 62 19 70 59 14 10 
64 44 21 53 35 92 26 94 81 96 17 74 38 70 4 78 77 7 86 76 
9 9 44 61 23 54 74 79 99 51 



55 88 43 1 73 57 27 69 16 89 50 76 59 87 93 78 90 0 4 13 
34 14 23 58 34 21 83 87 50 83 81 36 51 26 38 48 83 83 67 76 
7 43 5 7 38 71 25 22 12 64 97 22 62 56 13 4 33 61 98 97 
39 19 83 23 45 18 99 57 17 50 



